1341846313.592026 0.0000000 0.0000000 0.0000000 -0.0000000 -0.0000000 -0.0000000 1.0000000
1341846314.725910 0.2216472 0.0084883 0.0217859 -0.0118352 0.0685712 0.0049354 0.9975638
1341846315.129851 0.3055375 0.0208042 0.0150873 -0.0072829 0.0881907 0.0232868 0.9958047
1341846315.161941 0.3074081 0.0383922 -0.0023186 -0.0078097 0.0885886 0.0255214 0.9957107
1341846315.329931 0.3371448 0.0104194 0.0251093 -0.0225534 0.0759806 0.0257578 0.9965214
1341846315.936901 0.3623759 0.0157580 0.0222481 -0.0140958 0.0989335 0.0364751 0.9943255
1341846316.838029 0.1580652 -0.0061070 0.0071034 0.0199030 0.0833290 0.0305175 0.9958559
1341846317.306289 0.0585565 -0.0118956 0.0194237 0.0306327 0.0412819 0.0459497 0.9976202
1341846317.442569 0.0377576 -0.0224918 0.0273772 0.0351024 0.0421739 0.0549605 0.9969797
1341846320.426544 -0.4610745 -0.0344554 0.0698460 0.1079526 -0.1125124 0.0528416 0.9863544
1341846320.458122 -0.4499207 -0.0383310 0.0559052 0.1087237 -0.1048804 0.0500968 0.9872535
1341846320.490186 -0.4104084 -0.0410762 0.0379163 0.1114186 -0.0995003 0.0513578 0.9874452
1341846320.525911 -0.3686785 -0.0347384 0.0482721 0.1154402 -0.0926350 0.0480565 0.9878173
1341846321.637163 -0.0549520 -0.0207864 0.0261585 0.0985374 0.0132090 -0.0019633 0.9950438
1341846323.942459 0.0198901 -0.4892473 0.0726832 0.1118488 -0.0008026 -0.0020631 0.9937228
1341846324.183941 0.0286634 -0.4515557 0.0716755 0.1171079 0.0054219 -0.0112627 0.9930406
1341846326.726206 -0.0337961 0.2525434 0.2085876 0.0999045 0.0304054 0.0736319 0.9918029
1341846326.895360 -0.0405022 0.2942923 0.2328821 0.0685375 0.0401790 0.0667632 0.9946010
1341846327.161940 -0.0333793 0.3809418 0.2432634 0.0671514 0.0388870 0.0657462 0.9948146
1341846327.262014 -0.0161259 0.4103346 0.2543791 0.0662445 0.0467390 0.0590083 0.9949599
1341846327.393887 -0.0239881 0.4615574 0.2608776 0.0683457 0.0777221 0.0377044 0.9939148
1341846327.530068 -0.0320286 0.5183045 0.2778433 0.0535367 0.0720847 0.0385583 0.9952140
1341846327.697919 -0.0413788 0.5746481 0.2932687 0.0572244 0.0582075 0.0445576 0.9956666
1341846327.966065 -0.0394134 0.6687546 0.3048079 0.0234098 0.0557470 0.0459736 0.9971112
1341846328.302051 -0.0513389 0.6049811 0.3090857 0.0107566 0.0489934 0.0450741 0.9977236
1341846328.602804 -0.0400014 0.3998751 0.2571112 0.0383307 0.0479027 0.0361800 0.9974604
1341846331.382003 0.0007938 -0.0828867 0.0880507 0.0249457 -0.0421663 0.0273729 0.9984240
1341846332.522130 -0.0213581 -0.0291702 0.4236577 0.0589696 0.0190986 0.0201634 0.9978734
1341846332.926029 0.0194625 0.0024028 0.5280654 0.0439018 0.0118342 0.0331363 0.9984160
1341846333.394119 0.0570524 0.0299070 0.6171099 0.0170629 0.0229431 0.0301129 0.9991375
1341846333.730092 0.0616430 0.0302535 0.6191595 0.0114440 0.0215192 0.0297238 0.9992610
1341846335.037880 -0.0460938 0.0096452 0.3313334 0.0233532 -0.0002669 0.0202489 0.9995221
1341846336.377975 -0.1179851 0.0299492 -0.0548900 0.0449351 -0.0042907 0.0156430 0.9988582
1341846336.645982 -0.1312176 0.0458297 -0.1121535 0.0440694 -0.0019058 0.0186631 0.9988523
1341846336.678036 -0.1389190 0.0398301 -0.1186560 0.0418579 -0.0033065 0.0189684 0.9989380
1341846336.714024 -0.1380295 0.0319802 -0.1182762 0.0429072 -0.0058192 0.0188682 0.9988840
1341846336.746016 -0.1455157 0.0270574 -0.1268085 0.0464190 -0.0073411 0.0205769 0.9986832
1341846336.778014 -0.1486593 0.0351107 -0.1430415 0.0495024 -0.0111919 0.0240606 0.9984214
1341846336.882056 -0.1514386 0.0397771 -0.1544298 0.0529656 -0.0172179 0.0250100 0.9981346
1341846336.945998 -0.1598689 0.0296632 -0.1584032 0.0612246 -0.0276447 0.0288620 0.9973236
1341846337.786157 -0.1590508 0.0615593 -0.2006073 0.0426175 -0.0434897 0.0129463 0.9980605
1341846337.885951 -0.1564922 0.0672292 -0.1896195 0.0361069 -0.0359048 0.0121467 0.9986289
1341846337.954120 -0.1527358 0.0597719 -0.1784706 0.0291267 -0.0333778 0.0092519 0.9989755
1341846338.121875 -0.1416275 0.0618883 -0.1430176 0.0153401 -0.0244066 0.0111647 0.9995221
1341846338.489894 -0.1259907 0.0698067 -0.0465563 0.0055769 -0.0198626 0.0207701 0.9995714
1341846338.826048 -0.0974196 0.0776145 0.0586250 0.0006988 -0.0212474 0.0234687 0.9994985
1341846339.025928 -0.0845746 0.0779743 0.1259010 -0.0000269 -0.0175130 0.0208836 0.9996285
1341846339.326577 -0.0772058 0.1104417 0.1882292 -0.0143379 -0.0127750 0.0262855 0.9994700
1341846339.595122 -0.0352560 0.1058194 0.2863794 -0.0172435 -0.0094789 0.0233722 0.9995332
1341846339.731977 -0.0252055 0.1039431 0.3179896 -0.0158593 -0.0018891 0.0169655 0.9997285
1341846339.997845 0.0042807 0.0934152 0.3661740 -0.0158009 0.0008645 0.0197658 0.9996794
1341846340.465959 0.0317058 0.0915431 0.4557690 -0.0099301 0.0074900 0.0228807 0.9996608
1341846341.102028 0.0660206 0.0896078 0.4236465 0.0033284 -0.0060732 0.0185248 0.9998044
