1341846313.592026 0.0000000 0.0000000 0.0000000 -0.0000000 -0.0000000 -0.0000000 1.0000000
1341846313.789969 0.0303881 0.0054563 -0.0073513 0.0017418 -0.0070669 0.0030298 0.9999689
1341846313.822075 0.0243231 0.0110344 -0.0098428 0.0026170 -0.0039194 0.0012751 0.9999881
1341846313.890011 -0.0057743 0.0194189 -0.0161743 0.0030910 0.0073915 0.0000023 0.9999679
1341846313.957927 -0.0482908 0.0255910 -0.0240080 0.0003983 0.0216897 0.0013325 0.9997638
1341846314.057816 -0.1167078 0.0295700 -0.0130724 -0.0058470 0.0468553 0.0059141 0.9988671
1341846314.157989 -0.1934043 0.0373537 -0.0123138 -0.0067670 0.0752738 0.0097662 0.9970921
1341846314.225969 -0.2256542 0.0423923 -0.0138451 -0.0085387 0.0878458 0.0123941 0.9960204
1341846314.290052 -0.2431085 0.0586103 -0.0079950 -0.0054909 0.0956681 0.0107984 0.9953396
1341846314.357905 -0.2544657 0.0732941 0.0009177 -0.0047014 0.1041820 0.0072030 0.9945211
1341846314.493987 -0.2849242 0.0992539 -0.0112766 0.0025085 0.1266658 -0.0032608 0.9919369
1341846314.626096 -0.3430915 0.0984753 -0.0194641 0.0024267 0.1533145 -0.0036755 0.9881676
1341846314.725910 -0.3537431 0.1154093 -0.0064416 0.0094485 0.1664513 -0.0029609 0.9860000
1341846314.826092 -0.3835776 0.1292586 -0.0189556 0.0207240 0.1804727 0.0014921 0.9833605
1341846314.925969 -0.4662294 0.1364978 -0.0185536 0.0223756 0.2063821 0.0094701 0.9781698
1341846315.029900 -0.4884361 0.1481605 -0.0251606 0.0178509 0.2173781 0.0101718 0.9758712
1341846315.129851 -0.5207546 0.1735103 -0.0323208 0.0239995 0.2251395 0.0119126 0.9739581
1341846315.197984 -0.5489082 0.1967304 -0.0398023 0.0180718 0.2282817 0.0115244 0.9733592
1341846315.329931 -0.5730847 0.2267224 -0.0195585 0.0203785 0.2275886 0.0118878 0.9734716
1341846315.429923 -0.6235017 0.2528481 -0.0132972 0.0363610 0.2389374 0.0183085 0.9701812
1341846315.530008 -0.6711588 0.2611306 -0.0013070 0.0386441 0.2556713 0.0260666 0.9656394
1341846315.630109 -0.6685028 0.2514973 0.0044365 0.0363536 0.2600427 0.0251803 0.9645839
1341846315.698114 -0.6622531 0.2655112 0.0068560 0.0308739 0.2653485 0.0240107 0.9633589
1341846315.798188 -0.6667082 0.2545103 0.0102650 0.0273221 0.2648843 0.0261541 0.9635382
1341846315.866751 -0.6769478 0.2478697 0.0150565 0.0297435 0.2694317 0.0237826 0.9622662
1341846315.936901 -0.6813008 0.2443134 0.0249533 0.0334022 0.2721868 0.0224732 0.9614019
1341846316.034204 -0.7112248 0.2466530 0.0393534 0.0400510 0.2765554 0.0182722 0.9599892
1341846316.101867 -0.7284993 0.2669052 0.0463394 0.0475974 0.2759396 0.0193969 0.9597998
1341846316.202049 -0.7550370 0.2570328 0.0553352 0.0446225 0.2703776 0.0130161 0.9616317
1341846316.301915 -0.7857320 0.2341202 0.0633357 0.0395805 0.2741995 0.0066783 0.9608347
1341846316.370006 -0.8058555 0.2306948 0.0726683 0.0434654 0.2734486 0.0083195 0.9608681
1341846316.438069 -0.8091111 0.2341193 0.0878921 0.0490582 0.2722137 0.0134759 0.9608909
1341846316.502034 -0.8189355 0.2357087 0.0619594 0.0560532 0.2656474 0.0183800 0.9622639
1341846316.570121 -0.8337755 0.2311976 0.0780435 0.0524942 0.2645030 0.0150662 0.9628372
1341846316.638009 -0.7930582 0.2166476 0.0749687 0.0542321 0.2541948 0.0126706 0.9655482
1341846316.705941 -0.7595394 0.2123432 0.0824057 0.0603225 0.2472489 0.0112341 0.9670073
1341846316.770433 -0.7519131 0.2116658 0.0649035 0.0611869 0.2405111 0.0159438 0.9685847
1341846316.838029 -0.7245601 0.2033501 0.0687216 0.0615943 0.2328357 0.0141220 0.9704608
1341846316.906344 -0.7052858 0.2044969 0.0646089 0.0635488 0.2208909 0.0139455 0.9731261
1341846316.973994 -0.7018023 0.2012819 0.0572534 0.0609566 0.2150619 0.0116102 0.9746270
1341846317.037936 -0.6997494 0.2073494 0.0530923 0.0621316 0.2073294 0.0123593 0.9762179
1341846317.106113 -0.6763536 0.1998982 0.0558510 0.0653890 0.1980217 0.0161750 0.9778804
1341846317.137887 -0.6643609 0.1984981 0.0495965 0.0683403 0.1878645 0.0195779 0.9796189
1341846317.173970 -0.6681674 0.2027814 0.0355736 0.0695971 0.1798285 0.0210148 0.9810078
1341846317.205887 -0.6795039 0.2029063 0.0357183 0.0703634 0.1779321 0.0241551 0.9812266
1341846317.248131 -0.6693384 0.2010388 0.0362791 0.0716588 0.1723496 0.0256498 0.9820910
1341846317.306289 -0.6791055 0.2046632 0.0248579 0.0744175 0.1648564 0.0299186 0.9830510
1341846317.410120 -0.7171563 0.2049638 0.0309783 0.0777434 0.1681819 0.0349090 0.9820653
1341846317.474010 -0.7398527 0.1985592 0.0459513 0.0863121 0.1711464 0.0393198 0.9806697
1341846317.542282 -0.7417578 0.2037737 0.0337288 0.0887885 0.1628778 0.0440937 0.9816533
1341846317.610159 -0.7642212 0.1978863 0.0506699 0.0913436 0.1686421 0.0426815 0.9805073
1341846317.677993 -0.7683508 0.2017593 0.0525827 0.0955096 0.1622613 0.0497958 0.9808514
1341846317.741834 -0.7650731 0.1995235 0.0505727 0.0976143 0.1558923 0.0514638 0.9815908
1341846317.777923 -0.7586492 0.2077029 0.0462030 0.0971959 0.1524547 0.0515397 0.9821681
1341846317.810021 -0.7497398 0.2077258 0.0459963 0.0968386 0.1480704 0.0507285 0.9829161
1341846317.841886 -0.7276861 0.2028262 0.0318268 0.0938442 0.1418971 0.0465711 0.9843219
1341846318.078074 -0.6063136 0.1964546 0.0123802 0.0913199 0.1140944 0.0300311 0.9888080
1341846318.214074 -0.5557001 0.2016543 0.0054584 0.0902993 0.0936337 0.0193465 0.9913145
1341846318.245970 -0.5291916 0.2074293 0.0019933 0.0944412 0.0816104 0.0194109 0.9919899
1341846318.278018 -0.5129712 0.2057986 0.0009970 0.0978039 0.0726328 0.0182262 0.9923844
1341846318.313937 -0.4909977 0.2054478 -0.0102422 0.0990605 0.0607933 0.0183410 0.9930533
1341846318.382046 -0.4688442 0.2065891 -0.0100949 0.1020464 0.0391705 0.0144451 0.9939032
1341846318.414072 -0.4535032 0.1943090 -0.0161661 0.1010378 0.0281803 0.0154811 0.9943630
1341846318.446035 -0.4414427 0.2019270 -0.0145967 0.1043244 0.0196652 0.0119837 0.9942766
1341846318.482196 -0.4419865 0.1925431 -0.0156094 0.1033990 0.0170388 0.0119431 0.9944223
1341846318.514144 -0.4327518 0.1900285 -0.0187737 0.1033231 0.0126379 0.0145614 0.9944609
1341846318.546259 -0.4347060 0.1887546 -0.0160563 0.1050898 0.0109329 0.0154052 0.9942833
1341846318.582042 -0.4311838 0.1912742 -0.0291494 0.1062458 0.0087115 0.0155374 0.9941804
1341846318.650038 -0.4168486 0.1843521 -0.0362914 0.1043295 0.0023999 0.0145437 0.9944335
1341846318.850072 -0.4219235 0.1993804 -0.0580083 0.1101457 -0.0216304 0.0216526 0.9934441
1341846318.883516 -0.4423465 0.1937707 -0.0458211 0.1134360 -0.0261491 0.0178489 0.9930407
1341846319.018123 -0.4589234 0.2146551 -0.0510264 0.1211988 -0.0575823 0.0099206 0.9909070
1341846320.321954 -0.5677364 0.2100971 -0.0285158 0.1380142 -0.1098487 0.0332636 0.9837576
1341846320.699927 -0.4307092 0.2208214 -0.0244419 0.1628138 -0.0540350 0.0133289 0.9850859
1341846320.831871 -0.3717665 0.2204781 -0.0817926 0.1566740 -0.0360653 0.0036643 0.9869849
1341846321.367913 -0.2407064 0.2095422 -0.0318273 0.1432453 0.0000599 -0.0142754 0.9895843
1341846321.399897 -0.2334061 0.2156159 -0.0307970 0.1456359 0.0052551 -0.0157798 0.9891985
1341846321.435994 -0.2340171 0.2089587 -0.0304768 0.1467771 0.0091811 -0.0160435 0.9889969
1341846321.637163 -0.1530330 0.2276809 -0.0366845 0.1420411 0.0321099 -0.0200087 0.9891375
1341846321.668306 -0.1684468 0.2292208 -0.0102630 0.1380526 0.0427773 -0.0168037 0.9893580
1341846321.804114 -0.1438372 0.2308483 -0.0043812 0.1274239 0.0429909 0.0077259 0.9908861
1341846321.871882 -0.1417032 0.2503908 0.0037910 0.1208066 0.0468438 0.0059300 0.9915525
1341846322.202932 -0.1246561 0.1877972 0.0002742 0.0990976 0.0541280 -0.0038622 0.9935970
1341846322.601920 -0.1092900 0.0459260 -0.0069757 0.1367797 0.0316466 -0.0060397 0.9900774
1341846322.638119 -0.0954639 0.0326828 -0.0019625 0.1424235 0.0276726 -0.0075048 0.9893904
1341846322.806047 -0.0966764 -0.0130099 -0.0062481 0.1549492 0.0300817 -0.0030330 0.9874597
1341846323.609927 -0.0660374 -0.1458711 0.0006197 0.1399290 0.0258303 -0.0073625 0.9897972
1341846323.742111 -0.0807841 -0.1955480 -0.0023973 0.1444234 0.0227216 0.0004368 0.9892550
1341846323.909826 -0.0824533 -0.2221272 -0.0155220 0.1539606 0.0177747 -0.0201554 0.9877115
1341846324.519985 -0.1009784 -0.1096422 0.0148912 0.1376119 0.0201585 -0.0313553 0.9897845
1341846324.688082 -0.0906831 -0.0614557 0.0225410 0.1280187 0.0083189 -0.0275872 0.9913531
1341846325.417931 -0.0781577 0.1335696 0.0737125 0.1131704 -0.0037485 0.0001944 0.9935685
1341846325.450747 -0.0798203 0.1253130 0.0677906 0.1175309 0.0047560 0.0009653 0.9930574
1341846326.222162 -0.1215965 0.3304449 0.1290891 0.1729120 0.0307903 0.0460006 0.9833806
1341846326.526163 -0.1085121 0.4171805 0.1630479 0.1639938 0.0303903 0.0557709 0.9844146
1341846326.694856 -0.1122361 0.4642711 0.1809421 0.1499199 0.0456432 0.0564073 0.9860319
1341846326.826821 -0.1062321 0.5268105 0.1926031 0.1246010 0.0552923 0.0495275 0.9894263
1341846326.926897 -0.1177346 0.5203719 0.2115412 0.1139907 0.0533886 0.0512461 0.9907218
1341846327.063945 -0.1059075 0.5610515 0.1964600 0.1123756 0.0539578 0.0537239 0.9907442
1341846327.193867 -0.0944255 0.5976534 0.2189254 0.1092382 0.0558895 0.0488998 0.9912377
1341846327.262014 -0.0961387 0.6266081 0.2112862 0.1097429 0.0643350 0.0438970 0.9909039
1341846327.294023 -0.1538888 0.6437606 0.2101380 0.1158321 0.0869692 0.0397911 0.9886536
1341846327.361939 -0.2152938 0.6536165 0.1917550 0.1101073 0.1118568 0.0269076 0.9872388
1341846327.429966 -0.3308632 0.6550232 0.2016087 0.1030644 0.1344744 0.0198479 0.9853429
1341846327.461965 -0.3544609 0.6504081 0.1946453 0.0915298 0.1328747 0.0184858 0.9867243
1341846327.497931 -0.4039012 0.6391937 0.2190197 0.0840303 0.1425949 0.0161376 0.9860757
1341846327.561895 -0.5034068 0.6530316 0.2455764 0.0810097 0.1582789 0.0218962 0.9838220
1341846327.629945 -0.5647784 0.6782749 0.2866272 0.0846849 0.1638667 0.0222936 0.9825880
1341846327.662003 -0.5929806 0.6625966 0.2946860 0.0804390 0.1664681 0.0179979 0.9825956
1341846327.730075 -0.6850034 0.6763408 0.2925939 0.0755309 0.1786037 0.0197794 0.9808183
1341846327.797917 -0.7316328 0.7077695 0.3070578 0.0685940 0.1863386 0.0210029 0.9798631
1341846327.865944 -0.7000174 0.7385277 0.3072503 0.0616307 0.1823591 0.0232414 0.9810233
1341846327.966065 -0.6931338 0.7666584 0.3120098 0.0490915 0.1814232 0.0203532 0.9819682
1341846328.034045 -0.7293295 0.7759348 0.3218419 0.0353819 0.1902578 0.0175456 0.9809395
1341846328.098045 -0.7283266 0.7509671 0.3222238 0.0259121 0.1911233 0.0226117 0.9809634
1341846328.198018 -0.7344385 0.7289944 0.3131755 0.0267425 0.1842951 0.0239052 0.9822162
1341846328.302051 -0.7418787 0.7019507 0.3095643 0.0360261 0.1818190 0.0231970 0.9823980
1341846328.402010 -0.8004887 0.6652378 0.3278671 0.0626009 0.1933583 0.0188981 0.9789467
1341846328.502194 -0.7107859 0.6023860 0.2783027 0.0616457 0.1759067 0.0070911 0.9824492
1341846328.602804 -0.7748246 0.4852107 0.2717849 0.0606362 0.1834287 0.0113244 0.9810958
1341846328.770129 -0.7325214 0.4469993 0.2529697 0.0877624 0.1576398 0.0017432 0.9835876
1341846328.970217 -0.7191440 0.3851912 0.2325107 0.0976639 0.1417886 0.0005240 0.9850672
1341846329.038243 -0.7067755 0.3620662 0.2234203 0.1037869 0.1365397 0.0021053 0.9851806
1341846329.169991 -0.7176608 0.3354532 0.1997462 0.1080674 0.1358556 -0.0013719 0.9848161
1341846329.542121 -0.7207910 0.2665410 0.1640249 0.0984292 0.1204314 -0.0202943 0.9876214
1341846329.748113 -0.7190127 0.2299985 0.1478630 0.1038310 0.1132630 -0.0257909 0.9877882
1341846330.619992 -0.7580647 0.1423135 0.1187802 0.0727449 0.1109108 0.0077116 0.9911345
1341846330.752103 -0.7763119 0.1100297 0.1041160 0.0600305 0.1042385 0.0131165 0.9926523
1341846330.981986 -0.7956886 0.1248033 0.0806335 0.0495235 0.0849840 0.0190013 0.9949694
1341846331.382003 -0.7862745 0.1074394 0.0564192 0.0601260 0.0896337 0.0056426 0.9941422
1341846331.954037 -0.7231257 0.1436219 0.2062524 0.0792420 0.1285918 0.0008996 0.9885262
1341846332.254145 -0.7012899 0.1321563 0.3238442 0.0909154 0.1383940 -0.0024105 0.9861925
1341846332.489993 -0.6842641 0.1405072 0.3974442 0.0956362 0.1508097 -0.0095984 0.9838791
1341846332.621889 -0.6726943 0.1576717 0.4296158 0.0939573 0.1386359 0.0079118 0.9858446
1341846332.825925 -0.6375755 0.1515855 0.4825985 0.0843481 0.1388571 0.0112499 0.9866497
1341846333.195660 -0.5805066 0.1745320 0.5535637 0.0709910 0.1538402 0.0153192 0.9854231
1341846333.394119 -0.5666050 0.1845425 0.5759189 0.0553163 0.1522416 0.0102366 0.9867410
1341846333.562063 -0.5547095 0.1849242 0.5829718 0.0567322 0.1546371 0.0085335 0.9863042
1341846334.266045 -0.6151664 0.1768035 0.4960017 0.0736885 0.1593106 0.0048146 0.9844628
1341846335.206091 -0.7592639 0.1947658 0.2760399 0.0611695 0.1245159 -0.0073741 0.9903029
1341846335.374005 -0.7734494 0.1874944 0.2281035 0.0706381 0.1254135 -0.0087204 0.9895482
1341846335.806271 -0.8314482 0.2194646 0.1020092 0.0795980 0.1341227 -0.0116243 0.9876943
1341846335.910005 -0.8421705 0.2299901 0.0724202 0.0802201 0.1361005 -0.0100070 0.9873912
1341846336.010032 -0.8560171 0.2310460 0.0343380 0.0775119 0.1335551 -0.0122974 0.9879290
1341846336.042129 -0.8658987 0.2287208 0.0231409 0.0760395 0.1324685 -0.0107674 0.9882076
1341846336.142002 -0.8865426 0.2257336 -0.0057554 0.0755247 0.1312570 -0.0130168 0.9883816
1341846336.183953 -0.8855594 0.2339639 -0.0213345 0.0760612 0.1278182 -0.0118655 0.9888056
1341846336.241891 -0.8919619 0.2335217 -0.0206495 0.0739124 0.1278629 -0.0134418 0.9889426
1341846336.277946 -0.9018123 0.2269123 -0.0314859 0.0735929 0.1279139 -0.0084497 0.9890150
1341846336.309977 -0.8976766 0.2287579 -0.0498735 0.0768285 0.1241693 -0.0057727 0.9892654
1341846336.346143 -0.8840019 0.2469150 -0.0882817 0.0805368 0.1204646 -0.0033380 0.9894397
1341846336.377975 -0.8531318 0.2624866 -0.1242273 0.0832787 0.1151064 -0.0029042 0.9898519
1341846336.410032 -0.8100031 0.2543120 -0.1482916 0.0828401 0.1081108 0.0028655 0.9906772
1341846336.446041 -0.7689303 0.2683174 -0.1563858 0.0837752 0.1016769 0.0026419 0.9912803
1341846336.477990 -0.7210767 0.2647714 -0.1748413 0.0814758 0.0935335 0.0058231 0.9922597
1341846336.510056 -0.7004375 0.2580620 -0.1846865 0.0800759 0.0911360 0.0072512 0.9925873
1341846336.546024 -0.6550947 0.2664266 -0.1998692 0.0816112 0.0852981 0.0076346 0.9929782
1341846336.578003 -0.6104235 0.2731367 -0.2179071 0.0819136 0.0787644 0.0084003 0.9934867
1341846336.614020 -0.5799109 0.2727812 -0.2259250 0.0805609 0.0753747 0.0081365 0.9938624
1341846336.645982 -0.5378286 0.2870121 -0.2365157 0.0811309 0.0711258 0.0071819 0.9941365
1341846336.678036 -0.5136322 0.2714733 -0.2390009 0.0775033 0.0670586 0.0073244 0.9947073
1341846336.714024 -0.4898184 0.2692324 -0.2584847 0.0783816 0.0610752 0.0067873 0.9950277
1341846336.746016 -0.4648635 0.2791170 -0.2769179 0.0839607 0.0542469 0.0081103 0.9949583
1341846336.778014 -0.4290736 0.2837523 -0.3173407 0.0861999 0.0438065 0.0132840 0.9952257
1341846336.820006 -0.3750919 0.2870014 -0.3594458 0.0861359 0.0304299 0.0131075 0.9957323
1341846336.882056 -0.2512621 0.3168196 -0.3494990 0.0955124 0.0056903 0.0085521 0.9953753
1341846336.914273 -0.2054183 0.3064983 -0.3315696 0.0963430 -0.0047151 0.0116296 0.9952691
1341846336.945998 -0.1689789 0.3142234 -0.3239280 0.1032906 -0.0121457 0.0100881 0.9945259
1341846336.981980 -0.1432708 0.3381262 -0.3478521 0.1078286 -0.0160062 0.0067015 0.9940181
1341846337.014238 -0.1048258 0.3414058 -0.3365979 0.1047793 -0.0214705 0.0062198 0.9942443
1341846337.046017 -0.0812987 0.3355525 -0.3064025 0.1028809 -0.0243406 0.0014696 0.9943948
1341846337.082104 -0.0736019 0.3442545 -0.3558967 0.1016410 -0.0237310 -0.0023451 0.9945353
1341846337.114317 -0.0542405 0.3458384 -0.3396202 0.1003653 -0.0268013 -0.0032619 0.9945843
1341846337.150037 -0.0286881 0.3427429 -0.3198009 0.0985527 -0.0307232 -0.0037522 0.9946504
1341846337.181873 -0.0078946 0.3417079 -0.3035930 0.0982283 -0.0313876 -0.0065148 0.9946474
1341846337.214073 0.0132061 0.3482007 -0.2955637 0.0963292 -0.0308388 -0.0092130 0.9948290
1341846337.250087 0.0232974 0.3429425 -0.2867566 0.0935180 -0.0325921 -0.0079236 0.9950525
1341846337.282028 0.0421814 0.3447806 -0.2932430 0.0948639 -0.0373899 -0.0056598 0.9947717
1341846337.317920 0.0593647 0.3464525 -0.2904300 0.0944210 -0.0404930 -0.0043246 0.9946991
1341846337.350018 0.0702446 0.3458506 -0.2887198 0.0928385 -0.0403871 -0.0044721 0.9948517
1341846337.382159 0.0784099 0.3388055 -0.2826145 0.0898197 -0.0406292 -0.0062441 0.9951094
1341846337.417941 0.0712072 0.3349719 -0.2824657 0.0905737 -0.0395645 -0.0055857 0.9950879
1341846337.450137 0.0756292 0.3398503 -0.2958619 0.0910691 -0.0419263 -0.0041660 0.9949529
1341846337.482096 0.0770933 0.3369617 -0.2942028 0.0894421 -0.0421489 -0.0037377 0.9950928
1341846337.518008 0.0777378 0.3341501 -0.2913579 0.0904549 -0.0427332 -0.0036655 0.9949766
1341846337.549978 0.0776262 0.3439652 -0.3008770 0.0910513 -0.0434037 -0.0054532 0.9948850
1341846337.585971 0.0800309 0.3388248 -0.2977370 0.0879230 -0.0439785 -0.0058131 0.9951391
1341846337.617903 0.0812761 0.3311917 -0.2844796 0.0891332 -0.0446624 -0.0057383 0.9950013
1341846337.650141 0.0835046 0.3395583 -0.2922266 0.0918436 -0.0450990 -0.0062846 0.9947318
1341846337.686352 0.0844995 0.3434649 -0.2913929 0.0902355 -0.0448671 -0.0059066 0.9948918
1341846337.749920 0.0914733 0.3439941 -0.2786926 0.0883702 -0.0429018 -0.0060290 0.9951451
1341846337.786157 0.0852070 0.3496423 -0.2784684 0.0854219 -0.0393550 -0.0064640 0.9955463
1341846337.817945 0.0860348 0.3441661 -0.2735514 0.0830584 -0.0373444 -0.0052992 0.9958306
1341846337.885951 0.0834188 0.3544451 -0.2704463 0.0793013 -0.0311502 -0.0079278 0.9963323
1341846337.918223 0.0896154 0.3536101 -0.2584803 0.0751157 -0.0301478 -0.0104685 0.9966640
1341846337.954120 0.0932662 0.3509328 -0.2482415 0.0727700 -0.0290384 -0.0100457 0.9968753
1341846337.985994 0.0987114 0.3538057 -0.2429811 0.0699032 -0.0286343 -0.0089381 0.9971027
1341846338.054055 0.0976861 0.3547764 -0.2349321 0.0645790 -0.0249234 -0.0092918 0.9975581
1341846338.121875 0.1001360 0.3503018 -0.2136035 0.0592885 -0.0194351 -0.0077262 0.9980218
1341846338.154089 0.1045384 0.3482463 -0.2008879 0.0582716 -0.0197423 -0.0034033 0.9980997
1341846338.222071 0.1117885 0.3535462 -0.1828408 0.0563636 -0.0189754 -0.0026339 0.9982265
1341846338.290130 0.1146486 0.3448086 -0.1628493 0.0545463 -0.0176125 0.0004538 0.9983558
1341846338.422377 0.1161484 0.3464164 -0.1289636 0.0518766 -0.0145017 0.0028791 0.9985440
1341846338.622019 0.1323244 0.3437828 -0.0629601 0.0482899 -0.0149327 0.0021659 0.9987194
1341846338.757945 0.1358494 0.3479231 -0.0317037 0.0460092 -0.0149457 0.0065496 0.9988077
1341846338.925948 0.1467436 0.3445360 0.0145980 0.0411404 -0.0144492 0.0009595 0.9990485
1341846339.157969 0.1635518 0.3501705 0.0933670 0.0406747 -0.0082004 -0.0003800 0.9991388
1341846339.326577 0.1686302 0.3640267 0.1391438 0.0299041 -0.0082022 0.0078745 0.9994881
1341846339.462186 0.1958960 0.3494535 0.1817980 0.0197917 -0.0110801 0.0053841 0.9997283
1341846339.562052 0.2058665 0.3418713 0.2068010 0.0234421 -0.0046549 0.0067790 0.9996914
1341846339.664568 0.2199554 0.3435633 0.2302293 0.0273803 0.0019811 0.0016249 0.9996218
1341846339.929916 0.2388299 0.3276164 0.2951921 0.0253146 0.0067675 0.0018458 0.9996549
1341846340.098009 0.2519079 0.3253781 0.3271941 0.0319349 0.0110526 0.0053148 0.9994147
1341846340.298061 0.2670026 0.3211145 0.3677789 0.0337927 0.0185409 0.0026491 0.9992534
1341846340.666028 0.3016500 0.3158686 0.3853611 0.0393215 0.0054979 0.0029029 0.9992073
1341846341.237996 0.3139437 0.3164859 0.3491830 0.0509288 -0.0035634 0.0043302 0.9986866
1341846341.574016 0.3038749 0.3153390 0.3326893 0.0574426 -0.0055684 -0.0024614 0.9983302
1341846342.042024 0.3132964 0.3022998 0.2968173 0.0714972 -0.0195498 0.0200002 0.9970486
