1341846313.592026 0.0000000 0.0000000 0.0000000 -0.0000000 -0.0000000 -0.0000000 1.0000000
1341846314.493987 0.1888956 0.0159364 0.0068728 -0.0144064 0.0453660 0.0048027 0.9988550
1341846314.694004 0.2228165 0.0082931 0.0170337 -0.0164127 0.0648084 0.0016489 0.9977614
1341846314.862145 0.2660285 0.0178796 0.0059165 -0.0019499 0.0751061 0.0137320 0.9970791
1341846315.029900 0.3089330 0.0240479 0.0169569 -0.0089927 0.0842019 0.0233772 0.9961339
1341846315.161941 0.3156782 0.0381872 -0.0060095 -0.0082222 0.0861359 0.0282339 0.9958493
1341846315.329931 0.3421087 0.0117503 0.0244744 -0.0221788 0.0748950 0.0265713 0.9965906
1341846315.497883 0.3758542 0.0298797 0.0085007 -0.0098948 0.0805623 0.0416544 0.9958296
1341846315.698114 0.4018336 0.0424426 -0.0024402 -0.0154468 0.0883603 0.0413950 0.9951082
1341846315.866751 0.3809320 0.0211125 0.0207100 -0.0171441 0.0947550 0.0409805 0.9945090
1341846316.034204 0.3539155 0.0119310 0.0215982 -0.0077124 0.0994773 0.0349520 0.9943959
1341846316.202049 0.3080297 0.0066701 0.0145802 -0.0047011 0.0923613 0.0283677 0.9953103
1341846316.470076 0.2625090 -0.0030772 -0.0017473 0.0070172 0.0894644 0.0315010 0.9954670
1341846316.738062 0.1789815 0.0008016 -0.0003853 0.0198025 0.0859870 0.0303535 0.9956369
1341846317.106113 0.1071738 -0.0148430 0.0047044 0.0229364 0.0643748 0.0348952 0.9970517
1341846317.173970 0.0799396 -0.0238800 -0.0064155 0.0260685 0.0528349 0.0392978 0.9974892
1341846317.248131 0.0662992 -0.0195194 0.0058578 0.0281086 0.0477989 0.0418978 0.9975820
1341846317.410120 0.0426321 -0.0162450 0.0106562 0.0327658 0.0420202 0.0526800 0.9971888
1341846317.474010 0.0214737 -0.0281570 0.0039194 0.0402590 0.0438044 0.0580324 0.9965403
1341846317.573943 -0.0017742 -0.0234587 0.0020887 0.0422676 0.0402195 0.0599578 0.9964944
1341846317.643553 -0.0210436 -0.0162118 -0.0006069 0.0484210 0.0413401 0.0643172 0.9958965
1341846317.741834 -0.0443925 -0.0133578 0.0164849 0.0516792 0.0355199 0.0648376 0.9959235
1341846317.841886 -0.0748210 -0.0099085 0.0174907 0.0496340 0.0328291 0.0607719 0.9963762
1341846317.909910 -0.0797551 -0.0160405 0.0290353 0.0457199 0.0328559 0.0537537 0.9969658
1341846318.883516 -0.3477660 -0.0563772 -0.0096804 0.0717647 -0.0427398 0.0327629 0.9959667
1341846318.918047 -0.3609163 -0.0506703 -0.0193303 0.0746804 -0.0546732 0.0324956 0.9951773
1341846318.950044 -0.3692673 -0.0537924 0.0099778 0.0768916 -0.0630521 0.0303214 0.9945817
1341846319.686352 -0.5488194 -0.0408500 0.0154518 0.0795031 -0.0972208 0.0435812 0.9911246
1341846319.922039 -0.5953597 -0.0347348 0.0227580 0.0616703 -0.1092032 0.0621648 0.9901550
1341846320.390064 -0.4769099 -0.0346228 0.0582858 0.1050830 -0.1195935 0.0570136 0.9855985
1341846320.458122 -0.4468648 -0.0324615 0.0654985 0.1085932 -0.1052388 0.0510420 0.9871814
1341846320.699927 -0.3628436 -0.0365225 0.0575573 0.1202782 -0.0690997 0.0369300 0.9896437
1341846321.435994 -0.1487198 -0.0473811 0.0153116 0.1027673 -0.0079686 0.0019339 0.9946716
1341846321.804114 -0.0567751 -0.0182342 0.0403394 0.0825687 0.0252277 0.0248974 0.9959549
1341846322.107979 -0.0339371 -0.0412683 0.0575482 0.0491660 0.0379557 0.0115053 0.9980029
1341846322.433955 -0.0203908 -0.1555827 0.0558462 0.0528032 0.0241174 -0.0017332 0.9983122
1341846322.534002 -0.0089233 -0.1945278 0.0619471 0.0763752 0.0163058 0.0063851 0.9969254
1341846322.738006 0.0021772 -0.2409108 0.0613356 0.1059043 0.0115635 0.0140914 0.9942092
1341846324.519985 0.0057739 -0.3690622 0.0754740 0.0917784 0.0005080 -0.0127679 0.9956975
1341846325.450747 0.0076894 -0.1193885 0.0987864 0.0728693 -0.0128975 0.0170043 0.9971131
1341846326.826821 -0.0366819 0.2956794 0.2199040 0.0789201 0.0390891 0.0671353 0.9938493
1341846327.063945 -0.0330511 0.3423534 0.2283644 0.0686755 0.0381287 0.0698956 0.9944569
1341846327.262014 -0.0173081 0.4033685 0.2526888 0.0658274 0.0479653 0.0585102 0.9949586
1341846327.294023 -0.0267115 0.4101574 0.2451576 0.0694176 0.0617927 0.0550758 0.9941477
1341846327.361939 -0.0279310 0.4480422 0.2497535 0.0697625 0.0763711 0.0438275 0.9936699
1341846327.429966 -0.0316602 0.4897320 0.2626595 0.0686401 0.0781754 0.0386543 0.9938225
1341846327.461965 -0.0505283 0.5024863 0.2632232 0.0600437 0.0762847 0.0358460 0.9946308
1341846327.561895 -0.0435339 0.5225709 0.2773156 0.0514287 0.0719256 0.0427706 0.9951646
1341846327.697919 -0.0466145 0.5660909 0.2808682 0.0569425 0.0591136 0.0444944 0.9956322
1341846327.766017 -0.0498543 0.6022124 0.2876184 0.0497653 0.0578492 0.0468249 0.9959841
1341846327.830054 -0.0512004 0.6181137 0.2905698 0.0370598 0.0568614 0.0483743 0.9965206
1341846327.966065 -0.0450056 0.6626971 0.2955871 0.0229279 0.0565503 0.0452581 0.9971099
1341846328.234044 -0.0486596 0.6025618 0.2833024 0.0010256 0.0517402 0.0435953 0.9977080
1341846328.366008 -0.0702958 0.5632400 0.2833093 0.0175640 0.0532070 0.0429972 0.9975027
1341846328.470003 -0.0355196 0.4950123 0.2638393 0.0314742 0.0468775 0.0388178 0.9976498
1341846328.570125 -0.0409436 0.4198351 0.2575839 0.0333194 0.0536723 0.0307038 0.9975302
1341846328.672663 -0.0439375 0.3504485 0.2421974 0.0472138 0.0368658 0.0297037 0.9977623
1341846328.904486 -0.0158243 0.2584285 0.2146858 0.0579950 0.0188014 0.0242638 0.9978449
1341846331.218151 -0.0447979 -0.0674927 0.0550671 0.0152208 -0.0572895 0.0359900 0.9975926
1341846331.382003 0.0125836 -0.0942100 0.0644842 0.0229957 -0.0448849 0.0306132 0.9982582
1341846332.489993 -0.0091969 -0.0351316 0.3987709 0.0590590 0.0216421 0.0149407 0.9979081
1341846332.726000 -0.0033163 -0.0255146 0.4697230 0.0473123 0.0105340 0.0376067 0.9981164
1341846332.894069 0.0159285 -0.0008198 0.5150638 0.0473887 0.0113910 0.0353861 0.9981846
1341846333.362100 0.0604474 0.0325729 0.5982192 0.0203346 0.0235472 0.0307846 0.9990417
1341846333.529953 0.0672961 0.0276256 0.6093846 0.0178033 0.0226750 0.0273270 0.9992108
1341846334.198072 0.0385305 0.0127770 0.5301027 0.0352593 0.0276589 0.0273643 0.9986205
1341846335.406025 -0.0542651 -0.0085828 0.2154099 0.0403990 -0.0019937 0.0157664 0.9990572
1341846335.910005 -0.0834979 0.0174858 0.0543735 0.0422078 0.0076764 0.0141004 0.9989799
1341846336.578003 -0.1273145 0.0332791 -0.1148501 0.0448918 -0.0040686 0.0202674 0.9987780
1341846336.645982 -0.1305873 0.0371995 -0.1283242 0.0431167 -0.0018122 0.0187294 0.9988928
1341846336.678036 -0.1390120 0.0311519 -0.1326315 0.0410117 -0.0032518 0.0191732 0.9989694
1341846336.714024 -0.1377433 0.0233165 -0.1376027 0.0420452 -0.0056781 0.0192276 0.9989145
1341846336.746016 -0.1447542 0.0201727 -0.1441711 0.0457569 -0.0075110 0.0208159 0.9987075
1341846336.778014 -0.1475981 0.0294862 -0.1577318 0.0488884 -0.0113623 0.0246022 0.9984366
1341846336.882056 -0.1557605 0.0297562 -0.1716070 0.0521480 -0.0168798 0.0249860 0.9981841
1341846336.914273 -0.1449762 0.0264101 -0.1864729 0.0539188 -0.0224889 0.0293844 0.9978595
1341846336.945998 -0.1513979 0.0184933 -0.1820574 0.0595503 -0.0285846 0.0306220 0.9973460
1341846336.981980 -0.1623055 0.0437724 -0.1894102 0.0645619 -0.0313336 0.0274311 0.9970444
1341846337.014238 -0.1518176 0.0460432 -0.2050787 0.0614370 -0.0347343 0.0257763 0.9971733
1341846337.046017 -0.1549558 0.0414717 -0.1943693 0.0591498 -0.0357799 0.0206870 0.9973932
1341846337.082104 -0.1611312 0.0445373 -0.1968606 0.0586298 -0.0360400 0.0179958 0.9974667
1341846337.114317 -0.1703803 0.0420334 -0.1982287 0.0567457 -0.0376910 0.0169475 0.9975330
1341846337.150037 -0.1606383 0.0423794 -0.2008197 0.0550374 -0.0402400 0.0160437 0.9975441
1341846337.181873 -0.1555937 0.0418859 -0.2044611 0.0546399 -0.0402568 0.0130241 0.9976093
1341846337.214073 -0.1600826 0.0507575 -0.2065321 0.0527158 -0.0386202 0.0111740 0.9977999
1341846337.250087 -0.1750761 0.0362282 -0.2176046 0.0491925 -0.0392228 0.0121069 0.9979455
1341846337.282028 -0.1710836 0.0386489 -0.2192326 0.0507635 -0.0436679 0.0151257 0.9976410
1341846337.317920 -0.1639430 0.0416616 -0.2230332 0.0504387 -0.0454723 0.0158437 0.9975656
1341846337.350018 -0.1636931 0.0465806 -0.2243741 0.0491310 -0.0449019 0.0156850 0.9976593
1341846337.382159 -0.1609653 0.0404254 -0.2204686 0.0460395 -0.0447643 0.0136850 0.9978423
1341846337.417941 -0.1647219 0.0356906 -0.2198336 0.0467276 -0.0440186 0.0144503 0.9978327
1341846337.450137 -0.1676238 0.0429064 -0.2327991 0.0475376 -0.0457455 0.0154107 0.9977024
1341846337.482096 -0.1627491 0.0402970 -0.2288478 0.0458737 -0.0463110 0.0162818 0.9977404
1341846337.518008 -0.1630834 0.0360049 -0.2313235 0.0466723 -0.0467296 0.0165126 0.9976800
1341846337.585971 -0.1622483 0.0403759 -0.2302446 0.0443979 -0.0479820 0.0140513 0.9977621
1341846337.650141 -0.1637004 0.0402211 -0.2382653 0.0481682 -0.0485696 0.0134485 0.9975670
1341846337.686352 -0.1646461 0.0451476 -0.2360862 0.0465452 -0.0482048 0.0134792 0.9976614
1341846337.718002 -0.1590065 0.0414960 -0.2279128 0.0445753 -0.0482091 0.0138891 0.9977455
1341846337.749920 -0.1588811 0.0464807 -0.2303827 0.0446054 -0.0459700 0.0125746 0.9978672
1341846337.786157 -0.1582185 0.0501605 -0.2278852 0.0415016 -0.0433781 0.0130446 0.9981111
1341846337.854071 -0.1493430 0.0491692 -0.2175463 0.0379221 -0.0386252 0.0141817 0.9984332
1341846337.885951 -0.1521313 0.0550439 -0.2088483 0.0350731 -0.0360462 0.0126895 0.9986539
1341846337.918223 -0.1519992 0.0545768 -0.2040185 0.0308398 -0.0346725 0.0095638 0.9988770
1341846337.954120 -0.1514552 0.0541498 -0.1949380 0.0285742 -0.0333394 0.0091650 0.9989935
1341846337.985994 -0.1464236 0.0620135 -0.1913328 0.0261706 -0.0329141 0.0097491 0.9990680
1341846338.054055 -0.1411523 0.0633615 -0.1781702 0.0204572 -0.0299020 0.0094299 0.9992990
1341846338.121875 -0.1415414 0.0571613 -0.1574880 0.0148191 -0.0243475 0.0112867 0.9995300
1341846338.154089 -0.1424331 0.0571778 -0.1513124 0.0139792 -0.0237555 0.0146869 0.9995122
1341846338.222071 -0.1313520 0.0636667 -0.1356284 0.0119544 -0.0236562 0.0164923 0.9995126
1341846338.321952 -0.1297188 0.0605795 -0.1084829 0.0103123 -0.0208933 0.0208115 0.9995119
1341846338.657984 -0.1181916 0.0721878 -0.0148206 0.0045541 -0.0190374 0.0224991 0.9995552
1341846338.790039 -0.1053891 0.0744514 0.0290321 -0.0000348 -0.0216274 0.0246919 0.9994612
1341846338.925948 -0.0907226 0.0777424 0.0751076 -0.0027865 -0.0203558 0.0197327 0.9995942
1341846339.093927 -0.0906198 0.0863988 0.1205873 0.0018593 -0.0149178 0.0209957 0.9996665
1341846339.228165 -0.0773204 0.0985310 0.1627641 -0.0083742 -0.0149700 0.0214766 0.9996222
1341846339.496743 -0.0363448 0.1011923 0.2436462 -0.0209051 -0.0134522 0.0211067 0.9994681
1341846339.698896 -0.0252141 0.0987701 0.2975416 -0.0166089 -0.0023143 0.0179552 0.9996982
1341846339.997845 0.0061091 0.0900331 0.3625983 -0.0158375 0.0006501 0.0193674 0.9996868
1341846340.501858 0.0390760 0.0886985 0.4450431 -0.0092745 0.0034321 0.0236623 0.9996711
1341846341.506077 0.0670881 0.0835396 0.3876302 0.0132124 -0.0080579 0.0140390 0.9997817
